1 0 0 0 0.5
2 0 0.04 0 0.5
3 0 0.08 0 0.5
4 0 0.12 0 0.5
5 0 0.16 0 0.5
6 0 0.2 0 0.5
7 0 0.24 0 0.5
8 0 0.28 0 0.5
9 0 0.32 0 0.5
10 0 0.36 0 0.5
11 0 0.4 0 0.5
12 0 0.44 0 0.5
13 0 0.48 0 0.5
14 0 0.52 0 0.5
15 0 0.56 0 0.5
16 0 0.6 0 0.5
17 0 0.64 0 0.5
18 0 0.68 0 0.5
19 0 0.72 0 0.5
20 0 0.76 0 0.5
21 0 0.8 0 0.5
22 0 0.84 0 0.5
23 0 0.88 0 0.5
24 0 0.92 0 0.5
25 0 0.96 0 0.5
26 0 1 0 0.5
27 0 0 0.04 0.5
28 0 0.04 0.04 0.5
29 0 0.08 0.04 0.5
30 0 0.12 0.04 0.5
31 0 0.16 0.04 0.5
32 0 0.2 0.04 0.5
33 0 0.24 0.04 0.5
34 0 0.28 0.04 0.5
35 0 0.32 0.04 0.5
36 0 0.36 0.04 0.5
37 0 0.4 0.04 0.5
38 0 0.44 0.04 0.5
39 0 0.48 0.04 0.5
40 0 0.52 0.04 0.5
41 0 0.56 0.04 0.5
42 0 0.6 0.04 0.5
43 0 0.64 0.04 0.5
44 0 0.68 0.04 0.5
45 0 0.72 0.04 0.5
46 0 0.76 0.04 0.5
47 0 0.8 0.04 0.5
48 0 0.84 0.04 0.5
49 0 0.88 0.04 0.5
50 0 0.92 0.04 0.5
51 0 0.96 0.04 0.5
52 0 1 0.04 0.5
53 0 0 0.08 0.5
54 0 0.04 0.08 0.5
55 0 0.08 0.08 0.5
56 0 0.12 0.08 0.5
57 0 0.16 0.08 0.5
58 0 0.2 0.08 0.5
59 0 0.24 0.08 0.5
60 0 0.28 0.08 0.5
61 0 0.32 0.08 0.5
62 0 0.36 0.08 0.5
63 0 0.4 0.08 0.625
64 0 0.44 0.08 0.75
65 0 0.48 0.08 0.75
66 0 0.52 0.08 0.75
67 0 0.56 0.08 0.75
68 0 0.6 0.08 0.625
69 0 0.64 0.08 0.5
70 0 0.68 0.08 0.5
71 0 0.72 0.08 0.5
72 0 0.76 0.08 0.5
73 0 0.8 0.08 0.5
74 0 0.84 0.08 0.5
75 0 0.88 0.08 0.5
76 0 0.92 0.08 0.5
77 0 0.96 0.08 0.5
78 0 1 0.08 0.5
79 0 0 0.12 0.5
80 0 0.04 0.12 0.5
81 0 0.08 0.12 0.5
82 0 0.12 0.12 0.5
83 0 0.16 0.12 0.5
84 0 0.2 0.12 0.5
85 0 0.24 0.12 0.5
86 0 0.28 0.12 0.5
87 0 0.32 0.12 0.5
88 0 0.36 0.12 0.625
89 0 0.4 0.12 0.875
90 0 0.44 0.12 1
91 0 0.48 0.12 1
92 0 0.52 0.12 1
93 0 0.56 0.12 1
94 0 0.6 0.12 0.875
95 0 0.64 0.12 0.75
96 0 0.68 0.12 0.75
97 0 0.72 0.12 0.75
98 0 0.76 0.12 0.75
99 0 0.8 0.12 0.75
100 0 0.84 0.12 0.625
101 0 0.88 0.12 0.5
102 0 0.92 0.12 0.5
103 0 0.96 0.12 0.5
104 0 1 0.12 0.5
105 0 0 0.16 0.5
106 0 0.04 0.16 0.5
107 0 0.08 0.16 0.5
108 0 0.12 0.16 0.5
109 0 0.16 0.16 0.5
110 0 0.2 0.16 0.5
111 0 0.24 0.16 0.5
112 0 0.28 0.16 0.5
113 0 0.32 0.16 0.625
114 0 0.36 0.16 0.875
115 0 0.4 0.16 1
116 0 0.44 0.16 1
117 0 0.48 0.16 1
118 0 0.52 0.16 1
119 0 0.56 0.16 1
120 0 0.6 0.16 1
121 0 0.64 0.16 1
122 0 0.68 0.16 1
123 0 0.72 0.16 1
124 0 0.76 0.16 1
125 0 0.8 0.16 1
126 0 0.84 0.16 0.875
127 0 0.88 0.16 0.625
128 0 0.92 0.16 0.5
129 0 0.96 0.16 0.5
130 0 1 0.16 0.5
131 0 0 0.2 0.5
132 0 0.04 0.2 0.5
133 0 0.08 0.2 0.5
134 0 0.12 0.2 0.5
135 0 0.16 0.2 0.5
136 0 0.2 0.2 0.5
137 0 0.24 0.2 0.5
138 0 0.28 0.2 0.625
139 0 0.32 0.2 0.875
140 0 0.36 0.2 1
141 0 0.4 0.2 1
142 0 0.44 0.2 1
143 0 0.48 0.2 1
144 0 0.52 0.2 1
145 0 0.56 0.2 1
146 0 0.6 0.2 1
147 0 0.64 0.2 1
148 0 0.68 0.2 1
149 0 0.72 0.2 1
150 0 0.76 0.2 1
151 0 0.8 0.2 1
152 0 0.84 0.2 1
153 0 0.88 0.2 0.875
154 0 0.92 0.2 0.625
155 0 0.96 0.2 0.5
156 0 1 0.2 0.5
157 0 0 0.24 0.5
158 0 0.04 0.24 0.5
159 0 0.08 0.24 0.5
160 0 0.12 0.24 0.5
161 0 0.16 0.24 0.5
162 0 0.2 0.24 0.5
163 0 0.24 0.24 0.625
164 0 0.28 0.24 0.875
165 0 0.32 0.24 1
166 0 0.36 0.24 1
167 0 0.4 0.24 1
168 0 0.44 0.24 1
169 0 0.48 0.24 1
170 0 0.52 0.24 1
171 0 0.56 0.24 1
172 0 0.6 0.24 1
173 0 0.64 0.24 1
174 0 0.68 0.24 1
175 0 0.72 0.24 1
176 0 0.76 0.24 1
177 0 0.8 0.24 1
178 0 0.84 0.24 1
179 0 0.88 0.24 1
180 0 0.92 0.24 0.75
181 0 0.96 0.24 0.5
182 0 1 0.24 0.5
183 0 0 0.28 0.5
184 0 0.04 0.28 0.5
185 0 0.08 0.28 0.5
186 0 0.12 0.28 0.5
187 0 0.16 0.28 0.5
188 0 0.2 0.28 0.5
189 0 0.24 0.28 0.75
190 0 0.28 0.28 1
191 0 0.32 0.28 1
192 0 0.36 0.28 1
193 0 0.4 0.28 1
194 0 0.44 0.28 1
195 0 0.48 0.28 1
196 0 0.52 0.28 1
197 0 0.56 0.28 1
198 0 0.6 0.28 1
199 0 0.64 0.28 1
200 0 0.68 0.28 1
201 0 0.72 0.28 1
202 0 0.76 0.28 1
203 0 0.8 0.28 1
204 0 0.84 0.28 1
205 0 0.88 0.28 1
206 0 0.92 0.28 0.75
207 0 0.96 0.28 0.5
208 0 1 0.28 0.5
209 0 0 0.32 0.5
210 0 0.04 0.32 0.5
211 0 0.08 0.32 0.5
212 0 0.12 0.32 0.5
213 0 0.16 0.32 0.5
214 0 0.2 0.32 0.5
215 0 0.24 0.32 0.75
216 0 0.28 0.32 1
217 0 0.32 0.32 1
218 0 0.36 0.32 1
219 0 0.4 0.32 1
220 0 0.44 0.32 1
221 0 0.48 0.32 1
222 0 0.52 0.32 1
223 0 0.56 0.32 1
224 0 0.6 0.32 1
225 0 0.64 0.32 1
226 0 0.68 0.32 1
227 0 0.72 0.32 1
228 0 0.76 0.32 1
229 0 0.8 0.32 1
230 0 0.84 0.32 1
231 0 0.88 0.32 1
232 0 0.92 0.32 0.75
233 0 0.96 0.32 0.5
234 0 1 0.32 0.5
235 0 0 0.36 0.5
236 0 0.04 0.36 0.5
237 0 0.08 0.36 0.5
238 0 0.12 0.36 0.5
239 0 0.16 0.36 0.5
240 0 0.2 0.36 0.5
241 0 0.24 0.36 0.75
242 0 0.28 0.36 1
243 0 0.32 0.36 1
244 0 0.36 0.36 1
245 0 0.4 0.36 1
246 0 0.44 0.36 1
247 0 0.48 0.36 1
248 0 0.52 0.36 1
249 0 0.56 0.36 1
250 0 0.6 0.36 1
251 0 0.64 0.36 1
252 0 0.68 0.36 1
253 0 0.72 0.36 1
254 0 0.76 0.36 1
255 0 0.8 0.36 1
256 0 0.84 0.36 1
257 0 0.88 0.36 1
258 0 0.92 0.36 0.75
259 0 0.96 0.36 0.5
260 0 1 0.36 0.5
261 0 0 0.4 0.5
262 0 0.04 0.4 0.5
263 0 0.08 0.4 0.5
264 0 0.12 0.4 0.5
265 0 0.16 0.4 0.5
266 0 0.2 0.4 0.5
267 0 0.24 0.4 0.75
268 0 0.28 0.4 1
269 0 0.32 0.4 1
270 0 0.36 0.4 1
271 0 0.4 0.4 1
272 0 0.44 0.4 1
273 0 0.48 0.4 1
274 0 0.52 0.4 1
275 0 0.56 0.4 1
276 0 0.6 0.4 1
277 0 0.64 0.4 1
278 0 0.68 0.4 1
279 0 0.72 0.4 1
280 0 0.76 0.4 1
281 0 0.8 0.4 1
282 0 0.84 0.4 1
283 0 0.88 0.4 0.875
284 0 0.92 0.4 0.625
285 0 0.96 0.4 0.5
286 0 1 0.4 0.5
287 0 0 0.44 0.5
288 0 0.04 0.44 0.5
289 0 0.08 0.44 0.5
290 0 0.12 0.44 0.5
291 0 0.16 0.44 0.5
292 0 0.2 0.44 0.5
293 0 0.24 0.44 0.625
294 0 0.28 0.44 0.875
295 0 0.32 0.44 1
296 0 0.36 0.44 1
297 0 0.4 0.44 1
298 0 0.44 0.44 1
299 0 0.48 0.44 1
300 0 0.52 0.44 1
301 0 0.56 0.44 0.875
302 0 0.6 0.44 0.75
303 0 0.64 0.44 0.875
304 0 0.68 0.44 1
305 0 0.72 0.44 1
306 0 0.76 0.44 1
307 0 0.8 0.44 1
308 0 0.84 0.44 0.875
309 0 0.88 0.44 0.625
310 0 0.92 0.44 0.5
311 0 0.96 0.44 0.5
312 0 1 0.44 0.5
313 0 0 0.48 0.5
314 0 0.04 0.48 0.5
315 0 0.08 0.48 0.5
316 0 0.12 0.48 0.5
317 0 0.16 0.48 0.5
318 0 0.2 0.48 0.5
319 0 0.24 0.48 0.5
320 0 0.28 0.48 0.625
321 0 0.32 0.48 0.875
322 0 0.36 0.48 1
323 0 0.4 0.48 1
324 0 0.44 0.48 1
325 0 0.48 0.48 1
326 0 0.52 0.48 0.875
327 0 0.56 0.48 0.625
328 0 0.6 0.48 0.5
329 0 0.64 0.48 0.625
330 0 0.68 0.48 0.75
331 0 0.72 0.48 0.75
332 0 0.76 0.48 0.75
333 0 0.8 0.48 0.75
334 0 0.84 0.48 0.625
335 0 0.88 0.48 0.5
336 0 0.92 0.48 0.5
337 0 0.96 0.48 0.5
338 0 1 0.48 0.5
339 0 0 0.52 0.5
340 0 0.04 0.52 0.5
341 0 0.08 0.52 0.5
342 0 0.12 0.52 0.5
343 0 0.16 0.52 0.5
344 0 0.2 0.52 0.5
345 0 0.24 0.52 0.5
346 0 0.28 0.52 0.5
347 0 0.32 0.52 0.625
348 0 0.36 0.52 0.75
349 0 0.4 0.52 0.75
350 0 0.44 0.52 0.75
351 0 0.48 0.52 0.75
352 0 0.52 0.52 0.625
353 0 0.56 0.52 0.5
354 0 0.6 0.52 0.5
355 0 0.64 0.52 0.5
356 0 0.68 0.52 0.5
357 0 0.72 0.52 0.5
358 0 0.76 0.52 0.5
359 0 0.8 0.52 0.5
360 0 0.84 0.52 0.5
361 0 0.88 0.52 0.5
362 0 0.92 0.52 0.5
363 0 0.96 0.52 0.5
364 0 1 0.52 0.5
365 0 0 0.56 0.5
366 0 0.04 0.56 0.5
367 0 0.08 0.56 0.5
368 0 0.12 0.56 0.5
369 0 0.16 0.56 0.5
370 0 0.2 0.56 0.5
371 0 0.24 0.56 0.5
372 0 0.28 0.56 0.5
373 0 0.32 0.56 0.5
374 0 0.36 0.56 0.5
375 0 0.4 0.56 0.5
376 0 0.44 0.56 0.5
377 0 0.48 0.56 0.5
378 0 0.52 0.56 0.5
379 0 0.56 0.56 0.5
380 0 0.6 0.56 0.5
381 0 0.64 0.56 0.5
382 0 0.68 0.56 0.5
383 0 0.72 0.56 0.5
384 0 0.76 0.56 0.5
385 0 0.8 0.56 0.5
386 0 0.84 0.56 0.5
387 0 0.88 0.56 0.5
388 0 0.92 0.56 0.5
389 0 0.96 0.56 0.5
390 0 1 0.56 0.5
391 0 0 0.6 0.5
392 0 0.04 0.6 0.5
393 0 0.08 0.6 0.5
394 0 0.12 0.6 0.5
395 0 0.16 0.6 0.5
396 0 0.2 0.6 0.5
397 0 0.24 0.6 0.5
398 0 0.28 0.6 0.5
399 0 0.32 0.6 0.5
400 0 0.36 0.6 0.5
401 0 0.4 0.6 0.5
402 0 0.44 0.6 0.5
403 0 0.48 0.6 0.5
404 0 0.52 0.6 0.5
405 0 0.56 0.6 0.5
406 0 0.6 0.6 0.5
407 0 0.64 0.6 0.5
408 0 0.68 0.6 0.625
409 0 0.72 0.6 0.75
410 0 0.76 0.6 0.75
411 0 0.8 0.6 0.75
412 0 0.84 0.6 0.75
413 0 0.88 0.6 0.625
414 0 0.92 0.6 0.5
415 0 0.96 0.6 0.5
416 0 1 0.6 0.5
417 0 0 0.64 0.5
418 0 0.04 0.64 0.5
419 0 0.08 0.64 0.5
420 0 0.12 0.64 0.5
421 0 0.16 0.64 0.5
422 0 0.2 0.64 0.5
423 0 0.24 0.64 0.5
424 0 0.28 0.64 0.5
425 0 0.32 0.64 0.5
426 0 0.36 0.64 0.5
427 0 0.4 0.64 0.5
428 0 0.44 0.64 0.5
429 0 0.48 0.64 0.5
430 0 0.52 0.64 0.5
431 0 0.56 0.64 0.5
432 0 0.6 0.64 0.5
433 0 0.64 0.64 0.625
434 0 0.68 0.64 0.875
435 0 0.72 0.64 1
436 0 0.76 0.64 1
437 0 0.8 0.64 1
438 0 0.84 0.64 1
439 0 0.88 0.64 0.875
440 0 0.92 0.64 0.625
441 0 0.96 0.64 0.5
442 0 1 0.64 0.5
443 0 0 0.68 0.5
444 0 0.04 0.68 0.5
445 0 0.08 0.68 0.5
446 0 0.12 0.68 0.5
447 0 0.16 0.68 0.5
448 0 0.2 0.68 0.5
449 0 0.24 0.68 0.5
450 0 0.28 0.68 0.5
451 0 0.32 0.68 0.5
452 0 0.36 0.68 0.5
453 0 0.4 0.68 0.5
454 0 0.44 0.68 0.5
455 0 0.48 0.68 0.5
456 0 0.52 0.68 0.5
457 0 0.56 0.68 0.5
458 0 0.6 0.68 0.625
459 0 0.64 0.68 0.875
460 0 0.68 0.68 1
461 0 0.72 0.68 1
462 0 0.76 0.68 1
463 0 0.8 0.68 1
464 0 0.84 0.68 1
465 0 0.88 0.68 1
466 0 0.92 0.68 0.875
467 0 0.96 0.68 0.625
468 0 1 0.68 0.5
469 0 0 0.72 0.5
470 0 0.04 0.72 0.5
471 0 0.08 0.72 0.5
472 0 0.12 0.72 0.5
473 0 0.16 0.72 0.5
474 0 0.2 0.72 0.5
475 0 0.24 0.72 0.5
476 0 0.28 0.72 0.5
477 0 0.32 0.72 0.5
478 0 0.36 0.72 0.5
479 0 0.4 0.72 0.5
480 0 0.44 0.72 0.5
481 0 0.48 0.72 0.5
482 0 0.52 0.72 0.5
483 0 0.56 0.72 0.5
484 0 0.6 0.72 0.75
485 0 0.64 0.72 1
486 0 0.68 0.72 1
487 0 0.72 0.72 1
488 0 0.76 0.72 1
489 0 0.8 0.72 1
490 0 0.84 0.72 1
491 0 0.88 0.72 1
492 0 0.92 0.72 1
493 0 0.96 0.72 0.75
494 0 1 0.72 0.5
495 0 0 0.76 0.5
496 0 0.04 0.76 0.5
497 0 0.08 0.76 0.5
498 0 0.12 0.76 0.5
499 0 0.16 0.76 0.5
500 0 0.2 0.76 0.5
501 0 0.24 0.76 0.5
502 0 0.28 0.76 0.5
503 0 0.32 0.76 0.5
504 0 0.36 0.76 0.5
505 0 0.4 0.76 0.5
506 0 0.44 0.76 0.5
507 0 0.48 0.76 0.5
508 0 0.52 0.76 0.5
509 0 0.56 0.76 0.5
510 0 0.6 0.76 0.75
511 0 0.64 0.76 1
512 0 0.68 0.76 1
513 0 0.72 0.76 1
514 0 0.76 0.76 1
515 0 0.8 0.76 1
516 0 0.84 0.76 1
517 0 0.88 0.76 1
518 0 0.92 0.76 1
519 0 0.96 0.76 0.75
520 0 1 0.76 0.5
521 0 0 0.8 0.5
522 0 0.04 0.8 0.5
523 0 0.08 0.8 0.5
524 0 0.12 0.8 0.5
525 0 0.16 0.8 0.5
526 0 0.2 0.8 0.5
527 0 0.24 0.8 0.5
528 0 0.28 0.8 0.5
529 0 0.32 0.8 0.5
530 0 0.36 0.8 0.5
531 0 0.4 0.8 0.5
532 0 0.44 0.8 0.5
533 0 0.48 0.8 0.5
534 0 0.52 0.8 0.5
535 0 0.56 0.8 0.5
536 0 0.6 0.8 0.75
537 0 0.64 0.8 1
538 0 0.68 0.8 1
539 0 0.72 0.8 1
540 0 0.76 0.8 1
541 0 0.8 0.8 1
542 0 0.84 0.8 1
543 0 0.88 0.8 1
544 0 0.92 0.8 1
545 0 0.96 0.8 0.75
546 0 1 0.8 0.5
547 0 0 0.84 0.5
548 0 0.04 0.84 0.5
549 0 0.08 0.84 0.5
550 0 0.12 0.84 0.5
551 0 0.16 0.84 0.5
552 0 0.2 0.84 0.5
553 0 0.24 0.84 0.5
554 0 0.28 0.84 0.5
555 0 0.32 0.84 0.5
556 0 0.36 0.84 0.5
557 0 0.4 0.84 0.5
558 0 0.44 0.84 0.5
559 0 0.48 0.84 0.5
560 0 0.52 0.84 0.5
561 0 0.56 0.84 0.5
562 0 0.6 0.84 0.75
563 0 0.64 0.84 1
564 0 0.68 0.84 1
565 0 0.72 0.84 1
566 0 0.76 0.84 1
567 0 0.8 0.84 1
568 0 0.84 0.84 1
569 0 0.88 0.84 1
570 0 0.92 0.84 1
571 0 0.96 0.84 0.75
572 0 1 0.84 0.5
573 0 0 0.88 0.5
574 0 0.04 0.88 0.5
575 0 0.08 0.88 0.5
576 0 0.12 0.88 0.5
577 0 0.16 0.88 0.5
578 0 0.2 0.88 0.5
579 0 0.24 0.88 0.5
580 0 0.28 0.88 0.5
581 0 0.32 0.88 0.5
582 0 0.36 0.88 0.5
583 0 0.4 0.88 0.5
584 0 0.44 0.88 0.5
585 0 0.48 0.88 0.5
586 0 0.52 0.88 0.5
587 0 0.56 0.88 0.5
588 0 0.6 0.88 0.625
589 0 0.64 0.88 0.875
590 0 0.68 0.88 1
591 0 0.72 0.88 1
592 0 0.76 0.88 1
593 0 0.8 0.88 1
594 0 0.84 0.88 1
595 0 0.88 0.88 1
596 0 0.92 0.88 0.875
597 0 0.96 0.88 0.625
598 0 1 0.88 0.5
599 0 0 0.92 0.5
600 0 0.04 0.92 0.5
601 0 0.08 0.92 0.5
602 0 0.12 0.92 0.5
603 0 0.16 0.92 0.5
604 0 0.2 0.92 0.5
605 0 0.24 0.92 0.5
606 0 0.28 0.92 0.5
607 0 0.32 0.92 0.5
608 0 0.36 0.92 0.5
609 0 0.4 0.92 0.5
610 0 0.44 0.92 0.5
611 0 0.48 0.92 0.5
612 0 0.52 0.92 0.5
613 0 0.56 0.92 0.5
614 0 0.6 0.92 0.5
615 0 0.64 0.92 0.625
616 0 0.68 0.92 0.875
617 0 0.72 0.92 1
618 0 0.76 0.92 1
619 0 0.8 0.92 1
620 0 0.84 0.92 1
621 0 0.88 0.92 0.875
622 0 0.92 0.92 0.625
623 0 0.96 0.92 0.5
624 0 1 0.92 0.5
625 0 0 0.96 0.5
626 0 0.04 0.96 0.5
627 0 0.08 0.96 0.5
628 0 0.12 0.96 0.5
629 0 0.16 0.96 0.5
630 0 0.2 0.96 0.5
631 0 0.24 0.96 0.5
632 0 0.28 0.96 0.5
633 0 0.32 0.96 0.5
634 0 0.36 0.96 0.5
635 0 0.4 0.96 0.5
636 0 0.44 0.96 0.5
637 0 0.48 0.96 0.5
638 0 0.52 0.96 0.5
639 0 0.56 0.96 0.5
640 0 0.6 0.96 0.5
641 0 0.64 0.96 0.5
642 0 0.68 0.96 0.625
643 0 0.72 0.96 0.75
644 0 0.76 0.96 0.75
645 0 0.8 0.96 0.75
646 0 0.84 0.96 0.75
647 0 0.88 0.96 0.625
648 0 0.92 0.96 0.5
649 0 0.96 0.96 0.5
650 0 1 0.96 0.5
651 0 0 1 0.5
652 0 0.04 1 0.5
653 0 0.08 1 0.5
654 0 0.12 1 0.5
655 0 0.16 1 0.5
656 0 0.2 1 0.5
657 0 0.24 1 0.5
658 0 0.28 1 0.5
659 0 0.32 1 0.5
660 0 0.36 1 0.5
661 0 0.4 1 0.5
662 0 0.44 1 0.5
663 0 0.48 1 0.5
664 0 0.52 1 0.5
665 0 0.56 1 0.5
666 0 0.6 1 0.5
667 0 0.64 1 0.5
668 0 0.68 1 0.5
669 0 0.72 1 0.5
670 0 0.76 1 0.5
671 0 0.8 1 0.5
672 0 0.84 1 0.5
673 0 0.88 1 0.5
674 0 0.92 1 0.5
675 0 0.96 1 0.5
676 0 1 1 0.5
